AmigaCS #004  (20.12.1998)
IntroScreen.png
OutroScreen.png
Main.png
MainMenus.png
Underwater.MED
Info-Welcome
-------------------------------
11
-------------------------------
Info
252,32,387,49,0,0,0,18
News
86,50,221,67,136,0,136,18
Scene
418,50,553,67,272,0,272,18
Hard
127,81,262,98,408,0,408,18
Soft
377,81,512,98,544,0,545,18
Game
52,116,187,133,680,0,681,18
PC
242,116,397,133,817,0,817,18
Misc
452,116,587,133,973,0,973,18
Style
96,148,231,165,1109,0,1109,18
Joke
408,148,542,165,1245,0,1245,18
!Info-Abort
290,164,356,190,1384,1,1383,0
-------------------------------
