LWSC
1

FirstFrame 1
LastFrame 200
FrameStep 1
FramesPerSecond 25.000000

LoadObject ms:outlinetunnel/tunnel.lwo
ShowObject 4 7
ObjectMotion (unnamed)
  9
  1
  0 0 0 0 0 0 1 1 1
  0 0 0 0 0
EndBehavior 1
ShadowOptions 7

AmbientColor 255 255 255
AmbIntensity 0.250000

AddLight
LightName Light
ShowLight 0 7
LightMotion (unnamed)
  9
  1
  0 0 0 60 30 0 1 1 1
  0 0 0 0 0
EndBehavior 1
LightColor 255 255 255
LgtIntensity 1.000000
LightType 0
ShadowCasting 1

ShowCamera 1 7
CameraMotion (unnamed)
  9
  39
  -0.06101 -0.103326 -462.182 0 0 0 0.4 0.4 1
  0 0 0 0 0
  -0.06101 -0.053326 -423.207 0 0 0 0.4 0.4 1
  8 0 0 0 0
  -0.06101 0.021673 -388.057 0 0 0 0.4 0.4 1
  15 0 0 0 0
  -0.06101 -2.77652 -365.134 0 47.6 0 0.4 0.4 1
  20 0 0 0 0
  -0.06101 -13.6783 -355.882 0 75 0 0.4 0.4 1
  24 0 0 0 0
  -0.06101 -45.9283 -351.833 0 77.5 0 0.4 0.4 1
  32 0 0 0 0
  0.469388 -69.6379 -348.781 59.8001 72.3399 0 0.4 0.4 1
  36 0 0 0 0
  3.3191 -79.6301 -348.162 70.5676 40.4194 0 0.4 0.4 1
  38 0 0 0 0
  11.3995 -85.0877 -346.788 78.0001 7.93991 0 0.4 0.4 1
  40 0 0 0 0
  19.7953 -85.61 -345.66 84.521 -20.1929 0 0.4 0.4 1
  41 0 0 0 0
  25.8298 -82.638 -344.906 82.2926 -36.59 0 0.4 0.4 1
  43 0 0 0 0
  33.9657 -71.4266 -343.5 80.1401 -79.343 0 0.4 0.4 1
  46 0 0 0 0
  32.4927 -58.2385 -341.382 84.8113 -122.687 0 0.4 0.4 1
  50 0 0 0 0
  21.7407 -46.5266 -339.45 90.7402 -164.243 0 0.4 0.4 1
  54 0 0 0 0
  -33.5353 -44.1319 -336.996 137.608 -168.372 0 0.4 0.4 1
  63 0 0 0 0
  -51.9843 -43.5266 -315.224 169.84 -167.143 0 0.4 0.4 1
  68 0 0 0 0
  -54.7827 -38.7184 -289.407 213.791 -171.353 0 0.4 0.4 1
  73 0 0 0 0
  -42.7593 -35.2016 -275.324 242.74 -174.643 0 0.4 0.4 1
  76 0 0 0 0
  11.0004 -40.959 -258.689 266.104 -254.258 0 0.4 0.4 1
  85 0 0 0 0
  24.5045 -76.5272 -251.587 274.52 -310.416 0 0.4 0.4 1
  93 0 0 0 0
  11.0004 -94.5839 -248.414 271.204 -318.858 0 0.4 0.4 1
  97 0 0 0 0
  -10.9381 -109.483 -241.595 266.511 -286.629 0 0.4 0.4 1
  102 0 0 0 0
  -18.7558 -122.634 -236.884 263.404 -261.558 0 0.4 0.4 1
  106 0 0 0 0
  -11.9584 -144.055 -231.022 257.981 -214.835 0 0.4 0.4 1
  112 0 0 0 0
  4.2692 -152.184 -227.21 254.305 -182.958 0 0.4 0.4 1
  116 0 0 0 0
  14.4522 -153.1 -225.161 239.827 -178.775 0 0.4 0.4 1
  118 0 0 0 0
  37.7432 -152.74 -215.727 204.835 -178.601 0 0.4 0.4 1
  123 0 0 0 0
  49.9832 -152.184 -200.119 169.305 -179.158 0 0.4 0.4 1
  127 0 0 0 0
  39.1241 -153.958 -171.801 117.369 -178.536 0 0.4 0.4 1
  133 0 0 0 0
  16.3082 -155.259 -165.619 82.8046 -178.058 0 0.4 0.4 1
  138 0 0 0 0
  -11.3834 -155.348 -170.631 120.474 -169.611 0 0.4 0.4 1
  143 0 0 0 0
  -26.8168 -155.259 -157.369 179.805 -165.458 0 0.4 0.4 1
  148 0 0 0 0
  -25.7792 -154.574 -144.553 218.277 -164.148 0 0.4 0.4 1
  151 0 0 0 0
  -11.1419 -155.259 -126.919 237.405 -175.258 0 0.4 0.4 1
  157 0 0 0 0
  18.5655 -155.3 -110.156 283.841 -182.806 0 0.4 0.4 1
  163 0 0 0 0
  42.6332 -155.784 -116.344 317.705 -187.458 0 0.4 0.4 1
  167 0 0 0 0
  50.0002 -156.305 -123.352 323.959 -187.399 0 0.4 0.4 1
  169 0 0 0 0
  67.4582 -155.259 -160.069 335.305 -184.758 0 0.4 0.4 1
  177 0 0 0 0
  93.2582 -155.259 -214.144 335.305 -184.758 0 0.4 0.4 1
  187 0 0 0 0
EndBehavior 1
ZoomFactor 3.200000
RenderMode 2
RayTraceEffects 0
Resolution 1
PixelAspectRatio 3
SegmentMemory 2200000
Antialiasing 0
AdaptiveSampling 1
AdaptiveThreshold 8
FilmSize 2
FieldRendering 0
MotionBlur 0
DepthOfField 0

SolidBackdrop 1
BackdropColor 0 0 0
ZenithColor 0 40 80
SkyColor 120 180 240
GroundColor 50 40 30
NadirColor 100 80 60
FogType 0
DitherIntensity 1
AnimatedDither 0

DataOverlayLabel 

ViewMode 1
ViewAimpoint 13.000000 -72.599991 -256.900085
ViewDirection 0.000000 -0.174533 0.000000
ViewZoomFactor 0.815001
LayoutGrid 4
GridSize 10.000000
ShowMotionPath 1
ShowSafeAreas 0
ShowBGImage 0
ShowFogRadius 0
ShowRedraw 0
