

#################################
# Tom soft 3d Object DATABASE	#
#################################
# You may use these objects, but only if give their origin!


NEW:
NAME:	"MICKY"
POINTS:
	0,0,0,	-20,20,40, 20,20,40
	-50,50,0, 50,50,0
	-30,-50,30, -30,-50,-30, -40,-100,-40, -40,-100,40
	30,-50,30,  30,-50,-30,   40,-100,-40,  40,-100,40
	0,0,40
SPHERES:
	0,	40,	17
	1,	4,	30
	2,	4,	30
	13,	6,	15
CIRCLES:
	3,	-20000,-20000,16000,	40, 4
	4,	20000,-20000,16000,	40, 4
FACES:
	7,8,5,6,	10,	-1
	8,12,9,5,	11,	-1
	12,11,10,9,	10,	-1
	11,7,6,10,	11,	-1

	5,9,10,6,	12,	-1
	7,11,12,8,	$a0b,	-1

NEW:
NAME:	"CONTAINER"
POINTS:
	-20,0,40,	-20,0,-40,	20,0,-40,	20,0,40
	-15,10,40,	-15,10,-40,	15,10,-40,	15,10,40
FACES:
	0,3,7,4,	2,	-1
	3,2,6,7,	$203,	-1
	2,1,5,6,	2,	-1
	1,0,4,5,	$203,	-1
	5,4,7,6,	1,	-1
	2,3,0,1,	1,	-1
	
DUPLICATE	"CONTAINER2"

NEW:
NAME:	"WORLD"
POINTS:
	0,0,0
SPHERES:
	0,	100,	13
NEW:
NAME:	"AVION"
POINTS:
	# Partie droite
	10,10,20,	10,10,10,	10,10,-10
	10,-10,-10,	10,-10,10,	10,-10,20
	60,-10,10,	60,-10,-10,	20,-20,5
	# Partie gauche
	-10,10,20,	-10,10,10,	-10,10,-10
	-10,-10,-10,	-10,-10,10,	-10,-10,20
	-60,-10,10,	-60,-10,-10,	-20,-20,5
	# Queue
	0,0,-60,	0,-10,-60,	0,-5,-80,	0,-10,-80,	0,25,-80
	0,25,-70

	20,-10,-70,	20,-10,-80
	-20,-10,-70,	-20,-10,-80

	-3,20,25,	3,20,25,	-3,-20,25,	3,-20,25

FACES:
	# Ailes+Queue
	4,3,7,6,	5,	0
	15,16,12,13,	5,	1
	18,20,22,23,	5,	2
	18,20,21,19,	6,	3

	19,21,25,24,	6,	4
	27,26,19,21,	6,	5

	#helice
	28,29,30,31,	10,	6
	# Cote
	5,4,1,0,	4,	-1
	4,3,2,1,	6,	-1
	3,19,18,2,	7,	-1

	9,10,13,14,	4,	-1
	10,11,12,13,	6,	-1
	11,18,19,12,	7,	-1
	# Dessus
	0,1,10,9,	7,	-1
	1,2,11,10,	2,	-1
	11,2,18,18,	6,	-1

	14,13,4,5,	6,	-1
	13,12,3,4,	7,	-1
	3,12,19,19,	7,	-1

	14,5,0,9,	15,	-1
	
NEW:
NAME:	"MANTA"
POINTS:
	# Partie qui bouge
	-30,0,20,	-40,0,10,	-43,0,0,	-40,0,-10,-35,0,-20
	-15,0,-30,	-10,0,-50,	-4,0,-80,	-3,0,-90, -1,0,-100
	30,0,20,	40,0,10,	43,0,0,		40,0,-10, 35,0,-20
	15,0,-30,	10,0,-50,	4,0,-80,	3,0,-90,  1,0,-100
	# Corps
	-5,0,-30,	-6,0,-20,	-7,0,-10,	-8,0,0,	  -9,0,10
	-10,0,20,	-5,10,20,	-5,0,45
	# Corps
	5,0,-30,	6,0,-20,	7,0,-10,	8,0,0,	  9,0,10
	10,0,20,	5,10,20,	5,0,45

FACES:
	# Ailerons gauche
	0,1,24,25,	20,	0
	1,2,23,24,	19,	1
	2,3,22,23,	18,	2
	3,4,21,22,	17,	3
	4,5,20,21,	16,	4
	# Ailerons droit
	11,10,33,32,	20,	5
	12,11,32,31,	19,	6
	13,12,31,30,	18,	7
	14,13,30,29,	17,	8
	15,14,29,28,	16,	9

	# Queue
	16,28,20,6,	18,	10
	17,16,6,7,	19,	11
	18,17,7,8,	20,	12
	19,18,8,9,	19,	13
	# COtes devant, que j'ai oublie!
	10,35,33,33,	21,	14
	25,27,0,0,	21,	15
	15,28,16,16,	17,	16
	5,6,20,20,	17,	17
	# Corps
	20,26,34,28,	17,	-1
	20,25,26,26,	18,	-1
	28,34,33,33,	18,	-1
	26,25,27,27,	19,	-1
	33,34,35,35,	19,	-1
	34,26,27,35,	18,	-1

NEW:
NAME:	"BOAT"
POINTS:
	0,20,20,	0,20,110,	0,0,60,	0,15,-60,	0,30,-80

	-30,30,-150,	-30,30,-140,	-30,10,-140
	-40,17,0,	-30,0,0,	-30,0,-140
	-35,25,-90,	-35,15,-80,	-31,11,-120

	30,30,-150,	30,30,-140,	30,10,-140
	40,17,0,	30,0,0,		30,0,-140
	35,25,-90,	35,15,-80,	31,11,-120

	0,10,-140

FACES:
	# Cote
	2,18,17,1,	5,	-1
	16,21,18,19,	5,	-1
	21,17,18,18,	5,	-1
	# Cote
	9,2,1,8,	14,	-1
	10,9,12,7,	14,	-1
	12,9,8,8,	14,	-1

	#Dessus Droit
	8,1,0,0,	10,	-1
	12,8,0,3,	10,	-1

	23,7,12,3,	12,	-1

	11,12,3,4,	17,	9

	#Dessus gauche
	0,1,17,17,	8,	-1
	3,0,17,21,	8,	-1

	23,3,21,16,	13,	-1

	4,3,21,20,	16,	13

	# Ailerons
	5,6,15,14,	28,	14
	5,7,13,6,	29,	15
	14,15,22,16,	29,	16

	7,16,19,10,	30,	-1

NEW:
NAME:	"water base"
POINTS:
	-180,0,140,	-180,0,-140,	-140,0,-180,	140,0,-180
	180,0,-140,	180,0,140,	140,0,180,	-140,0,180

	-120,60,120,	-120,60,-120,	120,60,-120,	120,60,120
	# Porte
	-20,40,140,	100,40,140,	120,0,180,	-40,0,180
	0,40,140,	80,40,140,	0,0,180,	80,0,180
	# Ponton
	-120,20,160,	-40,20,160,	-120,20,440,	-40,20,440
	-115,20,380,	-45,20,380,	-45,20,430,	-115,20,430
	-115,0,380,	-45,0,380,	-45,0,430,	-115,0,430
	# "Reservoirs"
	140,40,-60,	280,40,-60,	280,0,-60
	140,40,60,	280,40,60,	280,0,60
	# Antenne Centrale
	0,60,0,	0,240,0,	0,200,0,	-40,60,40, 40,60,40, 40,60,-40, -40,60,-40
	# Antenne de gauche
	-100,100,80,	-160,160,100,	-110,60,60,	-110,60,100,	-80,60,80

LINES:
	24,28,30,	25,29,30,	26,30,30,	27,31,30
	32,33,17,	33,34,17,	35,36,18,	36,37,18
	# Antenne Centrale
	38,39,20,	41,40,21,	42,40,22,	43,40,23, 44,40,24
	# Ligne antenne
	45,47,	16,	45,48,17,	45,49,19
	45,46,1

CIRCLES:
	34,	0,32768,0,	40, 4
	37,	0,32768,0,	40, 4
	45,	-22551,22551,-7517, 80, 5
FACES:
	# "centre"
	0,8,9,1,	2,	-1
	1,9,2,2,	$203,	-1
	2,9,10,3,	3,	-1
	3,10,4,4,	$304,	-1
	4,10,11,5,	4,	-1
	5,11,6,6,	$403,	-1
	7,8,0,0,	$302,	-1

	8,11,10,9,	$6,	-1
	# Face avant
	15,12,8,7,	3,	-1
	13,11,8,12,	3,	-1
	6,11,13,14,	3,	-1
	#portes
	18,16,12,15,	16,	-1
	14,13,17,19,	16,	-1
	# Ponton
	23,21,20,22,	19,	-1
NEW:
NAME:	"SPOING"
POINTS:
	0,60,0
	-20,75,30,	20,75,30
	-20,120,30,	20,120,30
	-20,120,50,	20,120,50
	# Cercles
	0,10,0,	0,-10,0,0,-30,0	
	# Pattes
	-40,-40,0
	-60,-60,40,	-20,-60,40,	-60,-60,-20,	-20,-60,-20

	40,-40,0
	60,-60,40,	20,-60,40,	60,-60,-20,	20,-60,-20
LINES:
	1,3,1,	3,5,1,	2,4,1,	4,6,1
FACES:
	11,12,10,10,	9,	-1
	12,14,10,10,	10,	-1
	14,13,10,10,	11,	-1
	13,11,10,10,	$a0b,	-1
	13,14,12,11,	$90a,	-1

	17,16,15,15,	9,	-1
	16,18,15,15,	10,	-1
	18,19,15,15,	11,	-1
	19,17,15,15,	$a0b,	-1
	19,18,16,17,	$90a,	-1
CIRCLES:
	7,	0,-32768,0,	40, 4
	8,	0,-32768,0,	40, 5
	9,	0,-32768,0,	40, 6
SPHERES:
	0,40,3
	5,8,5
	6,8,5

NEW:
NAME:	"BOING"
POINTS:
	0,70,0,	-20,85,30,	20,85,30
	# Pattes
	-40,70,0,	-40,20,-40,	-40,-40,0
	-60,-60,40,	-20,-60,40,	-60,-60,-20,	-20,-60,-20

	40,70,0,	40,20,-40,	40,-40,0
	60,-60,40,	20,-60,40,	60,-60,-20,	20,-60,-20
LINES:
	3,4,1,	4,5,1,	10,11,1,	11,12,1
SPHERES:
	0,40,5
	1,8,11
	2,8,11
FACES:
	6,7,5,5,	12,	-1
	7,9,5,5,	13,	-1
	9,8,5,5,	14,	-1
	8,6,5,5,	13,	-1
	8,9,7,6,	15,	-1

	14,13,12,12,	12,	-1
	13,15,12,12,	13,	-1
	15,16,12,12,	14,	-1
	16,14,12,12,	13,	-1
	16,15,13,14,	15,	-1

NEW:
NAME:	"TOTO"
POINTS:
	0,60,0
	# Corps
	-20,45,10,	20,45,10,	17,10,10,	-17,10,10
	-20,45,-10,	20,45,-10,	17,10,-10,	-17,10,-10
	# Bassin
	-17,8,10,	17,8,10,	17,-8,10,	-17,-8,10
	-17,8,-10,	17,8,-10,	17,-8,-10,	-17,-8,-10
	# Jambes
	-15,-10,0,	15,-10,0
	-15,-60,0,	15,-60,0
	# Bras
	-25,40,0,	-45,0,0,	-50,-5,0
	25,40,0,	30,-5,0,	32,-10,0
FACES:
	# Corps
	4,3,2,1,	1,	-1
	5,6,7,8,	2,	-1
	8,4,1,5,	$201,	-1
	3,7,6,2,	$3,	-1
	1,2,6,5,	$301,	-1
	# Bassin
	12,11,10,9,	$4,	-1
	13,14,15,16,	$5,	-1
	11,15,14,10,	$6,	-1
	16,12,9,13,	$605,	-1
	16,15,11,12,	$506,	-1

CYLINDRES:
	# Jambes
	17,19,	0,32768,0,	6,10,	4,5
	18,20,	0,32768,0,	6,10,	4,5
	# Bras
	21,22,	-10000,-20000,0,6,10,	4,5
	24,25,	5000,-31000,0,	6,10,	4,5
BOBS:
	0,0,10
NEW:
NAME:	"MOTO"
POINTS:
	5,6,25,	6,10,0,	10,1,2,	7,1,17,	5,-10,15,  5,-10,-5,	5,8,-16
	-5,6,25,-6,10,0,-10,1,2,-7,1,17,-5,-10,15, -5,-10,-5,	-5,8,-16

	0,-5,30,	0,-5,-20
FACES:
	# Cote gauche
	1,0,3,2,	$c,	-1
	2,6,1,1,	$2,	-1
	2,5,6,6,	$3,	-1
	3,4,5,2,	$2,	-1
	# cote droit
	7,8,9,10,	$c,	-1
	8,13,9,9,	$2,	-1
	9,13,12,12,	$3,	-1
	10,9,12,11,	$2,	-1
	
	1,8,7,0,	$d	-1
	6,13,8,1,	$3,	-1
	5,12,13,6,	1,	-1
	4,11,12,5,	1,	-1
	3,10,11,4,	1,	-1
	0,7,10,3,	1,	-1
SPHERES:
	14,10,30
	15,10,30

DUPLICATE	"MOTO2"
DUPLICATE	"MOTO3"

NEW:
NAME:	"MOSKITO"
POINTS:
	# Corps
	0,0,-20, 0,0,20, 0,15,50
	-10,25,65, 10,25,65
	# Pattes
	-18,-10,-20, -30,-20,-30, -20,-35,-20
	-18,-10,20, -30,-20,10, -20,-35,20

	18,-10,-20, 30,-20,-30, 20,-35,-20
	18,-10,20,  30,-20,10,  20,-35,20
	# Ailes
	-60,60,-20, -40,40,-40, -18,18,-20, -40,40,0, -60,60,20, -40,40,40, -18,18,20
	60,60,-20,  40,40,-40,  18,18,-20,  40,40,0,  60,60,20,  40,40,40,  18,18,20
LINES:
	5,6,8,	 6,7,8,	  8,9,8,	9,10,8
	11,12,8, 12,13,8, 14,15,8,	15,16,8
SPHERES:
	0,20,	1
	1,20,	2
	2,16,	3

	3,5,	4
	4,5,	5
FACES:
	17,18,19,20,	16,	0
	21,20,23,22,	17,	1
	24,25,26,27,	17,	2
	28,27,30,29,	16,	3

DUPLICATE	"MOSKI2"

NEW:
NAME:	"LAMPE"
POINTS:
	0,0,0,	0,10,0,	0,60,-20, 0,100,-2, 0,100,12, 0,110,-5, 0,90,28
	50,20,100
CYLINDRES:
	0,1,	0,32767,0,	20,4,1,2
	4,5,	0,23160,-23160,	10,10,3,4
	6,4,	0,23160,-23160,	25,10,5,16
LINES:
	1,2,	3,	2,3,	3
SPHERES:
	7,20,15

NEW:
NAME:	"FISH"
POINTS:
	0,0,0
	# Yeux
	-10,20,25, 10,20,25
	# queue
	0,0,-30, 0,40,-60, 0,0,-50, 0,-40,-60
	# aileron
	0,35,12,  0,35,-12, 0,29,10, 0,29,-10
SPHERES:
	0,30,27
	1,5,15
	2,5,15
FACES:
	7,8,10,9,  5, 0
	3,4,5,6,   5, 1

DUPLICATE	"FISH2"

NEW:

NAME:	"BUBBLES"
POINTS:
	#Bulles
	0,0,0,	0,10,-10,	10,55,10
	0,40,0,	5,15,-10,	10,35,-10
	0,30,0,	0,80,-10,	-10,25,-10
BOBS:
	0,32,20
	1,32,20
	2,32,15
	3,32,12
	4,32,13
	6,32,14
	7,32,14
	8,32,14


NEW:
NAME:	"BOBS"
POINTS:
	0,0,0
	50,50,50, -50,50,50, -50,-50,50, 50,-50,50
	50,50,-50, -50,50,-50, -50,-50,-50, 50,-50,-50
BOBS:
	0,0,10

	1,0,10
	2,0,10
	3,0,10
	4,0,10

	5,0,10
	6,0,10
	7,0,10
	8,0,10
NEW:
NAME:	"POIPOI"
POINTS:
	0,100,0,	-15,120,30,	15,120,30
	# mains
	-45,80,25,	-65,115,50
	45,80,25,	65,115,50
	# Batterie
	0,40,50,	0,40,80

	55,80,65,	65,70,65,	65,20,65, 55,0,65, 75,0,55, 75,0,85

	-55,80,65,	-65,70,65,	-65,20,65, -55,0,65, -75,0,55, -75,0,85
	# Chaussures
	15,65,-10,   25,65,-10,  30,60,0,  10,60,0,  15,55,30,  25,55,30
	-15,65,-10, -25,65,-10, -30,60,0, -10,60,0, -15,55,30, -25,55,30
 
LINES:
	3,4,4,	5,6,4
	10,11,5, 11,12,4, 11,13,5, 11,14,5

	16,17,4, 17,18,5, 17,19,5, 17,20,5
SPHERES:
	0,	40,	13
	1,	5,	10
	2,	5,	10
	3,	8,	12
	5,	8,	12

CYLINDRES:
	7,8,	0,0,32764,	40,40,6,2
	9,10,	23160,-23160,0,	30,30,7,2
	15,16,	23160,23160,0,	30,30,7,2

FACES:
	21,22,23,24,	15,0
	24,23,26,25,	15,1
	27,28,29,30,	15,2
	30,29,32,31,	15,3


NEW:
NAME:	"POIPOI CLAV"
POINTS:
	0,40,0
	0,0,55,	0,0,80,	0,22,75
	# Gauche
	-15,60,35,	
	
	-38,-5,-10,	-25,-5,-10, -40,-5,0, -20,-5,0, -35,-5,25, -25,-5,25
	-40,20,30
	-50,0,20,	-70,0,30,	-65,22,27
	-28,0,42,	-45,0,65,	-40,22,60
	# Symetrie
	15,60,35,
	38,-5,-10,	25,-5,-10, 40,-5,0, 20,-5,0, 35,-5,25, 25,-5,25
	40,20,30
	50,0,20,	70,0,30,	65,22,27
	28,0,42,	45,0,65,	40,22,60
SPHERES:
	0,	40,	13
	4,	5,	10
	18,	5,	10
	11,	8,	12
	25,	8,	12
FACES:
	5,6,8,7,	15,	0
	7,8,10,9,	15,	1
	19,20,22,21,	15,	2
	21,22,24,23,	15,	3

	15,17,3,1,	7,	-1
	17,16,2,3,	2,	-1
	16,15,1,2,	$107,	-1

	1,3,31,29,	$706,	-1
	3,2,30,31,	3,	-1
	2,1,29,30,	$107,	-1

	29,31,28,26,	6,	-1
	31,30,27,28,	$4,	-1
	30,29,26,27,	$107,	-1

	12,14,17,15,	$605,	-1
	14,13,16,17,	5,	-1
	13,12,15,16,	$107,	-1

	28,27,26,26,	7,	-1
	14,12,13,13,	1,	-1
NEW:
NAME:	"POIPOI GUIT"
POINTS:
	0,40,0

	-15,60,35,	
	-38,-5,-10,	-25,-5,-10, -40,-5,0, -20,-5,0, -35,-5,25, -25,-5,25

	15,60,35,
	38,-5,-10,	25,-5,-10, 40,-5,0, 20,-5,0, 35,-5,25, 25,-5,25
	# Guitare
	-45,10,50, -10,10,50, 8,40,50, 28,0,50, -10,-10,50, -45,-40,50
	12,25,50,  17,18,50,  65,55,50,70,50,50

#	# Guitare
#	-45,10,40, -10,10,40, 8,40,40, 28,0,40, -10,-10,40, -45,-40,40
#	12,25,40,  17,18,40,  65,55,40,70,50,40


	-15,10,55
	40,40,55
SPHERES:
	0,	40,	13
	1,	5,	10
	8,	5,	10

	25,	8,	12
	26,	8,	12
FACES:
	2,3,5,4,	15,	0
	4,5,7,6,	15,	1
	9,10,12,11,	15,	2
	11,12,14,13,	15,	3

	15,16,19,20,	14,	4
	16,17,18,19,	14,	5
	21,23,24,22,	7,	6

NEW:
NAME:	"OCEANO"
POINTS:
	0,0,0
	0,20,37,	0,0,40
	15,20,31,	20,0,34,	22,20,26,	30,0,20
	40,-30,-40,	40,-30,-30,	40,-30,-45
	# Helice droite
	36,-10,-45,	44,-10,-45,	36,-50,-45,	44,-50,-45
	# Symetrie gauche
	-15,20,31,	-20,0,34,	-22,20,26,	-30,0,20
	-40,-30,-40,	-40,-30,-30,	-40,-30,-45
	# Helice droite
	-36,-10,-45,	-44,-10,-45,	-36,-50,-45,	-44,-50,-45
SPHERES:
	0,	40,	8
FACES:
	1,2,4,3,	26,	-1
	3,4,6,5,	27,	-1
	14,15,2,1,	27,	-1
	16,17,15,14,	28,	-1
	# HElices
	10,11,12,13,	15,	4
	21,22,23,24,	15,	5
CYLINDRES:
	7,8,	0,0,32767,	20,20,	18,20
	18,19,	0,0,32767,	20,20,	18,20

NEW:
NAME:	"CARRE"
POINTS:
	-50,0,-50,	50,0,-50
	-50,0,-40,	50,0,-40
	-50,0,-30,	50,0,-30
	-50,0,-20,	50,0,-20
	-50,0,-10,	50,0,-10
	-50,0,0,	50,0,0
	-50,0,10,	50,0,10
	-50,0,20,	50,0,20
	-50,0,30,	50,0,30
	-50,0,40,	50,0,40
	-50,0,50,	50,0,50

	-50,0,-50,	-50,0,50
	-40,0,-50,	-40,0,50
	-30,0,-50,	-30,0,50
	-20,0,-50,	-20,0,50
	-10,0,-50,	-10,0,50
	0,0,-50,	0,0,50
	10,0,-50,	10,0,50
	20,0,-50,	20,0,50
	30,0,-50,	30,0,50
	40,0,-50,	40,0,50
	50,0,-50,	50,0,50

LINES:	
	0,1,1,		2,3,1,		4,5,1,		6,7,1,
	8,9,1,		10,11,1,	12,13,1,	14,15,1,
	16,17,1,	18,19,1,	20,21,1

	22,23,1,	24,25,1,	26,27,1,	28,29,1
	30,31,1,	32,33,1,	34,35,1,	36,37,1
	38,39,1,	40,41,1,	42,43,1
NEW:
NAME:	"MOUSE"
POINTS:
	0,40,0
# Nez
	0,40,50,	0,5,130,	30,5,30,	-30,5,30
#Bout du nez+oreilles
	0,5,140,	15,30,60,	-15,30,60
# Oreilles
	20,55,35,	-20,55,35
# Queue
	0,30,-35,	30,0,-80,	60,0,-70,	70,0,-40, 40,0,10
LINES:	10,11,6,	11,12,5,	12,13,4,	13,14,3

SPHERES:
	0,40,3
	5,10,7
	6,7,2
	7,7,2
CIRCLES:
	8,	20765,0,14000,	30, 4
	9,	20765,0,-14000,	30, 5

FACES:
	1,2,3,3,	5,	-1
	1,4,2,2,	6,	-1
	1,3,4,4,	$605,	-1

NEW:
NAME:	"CYLINDRE"
POINTS:
	0,10,0,	0,50,0
	0,-10,0,	0,-50,0
	0,0,0	# Centre cercle

	0,80,0	# Centre Sphere
	0,-80,0	# Centre Sphere

CYLINDRES:
	0,1,	0,32764,0,	40,30,10,20
	2,3,	0,32764,0,	40,30,30,11
CIRCLES:
	4,	0,32764,0,	60,7
SPHERES:
	5,20,2
	6,20,3

NEW:
NAME:	"SHUTTLE"
POINTS:
	0,0,130,	0,30,0,		40,0,10,	-40,0,10
	-20,0,-100,	0,20,-100,	20,0,-100
	30,0,-30,	80,0,-70,	80,0,-100
	-30,0,-30,	-80,0,-70,	-80,0,-100

	0,20,-70,	0,50,-90,	0,50,-110
	-30,50,-120,	30,50,-120

	80,30,-90,	80,30,-110
	-80,30,-90,	-80,30,-110

FACES:
# Nez
	2,1,0,0,	1,	-1
	1,3,0,0,	2,	-1
	3,2,0,0,	8,	-1
# Centre
	2,6,5,1,	4,	-1
	5,4,3,1,	5,	-1
	5,6,4,4,	6,	-1
	4,6,2,3,	8,	-1

	8,7,6,9,	8,	7
	10,11,12,4,	8,	8
	13,14,15,5,	10,	9
	14,16,15,17,	11,	10

	8,18,19,9,	12,	11
	11,20,21,12,	12,	12

DUPLICATE "SHUTTLE2"
DUPLICATE "SHUTTLE3"

NEW:
NAME:	"STAR_WARS"
POINTS:
	20,10,30,	20,10,-30,	20,-10,-30,	20,-10,30
	-20,10,30,	-20,10,-30,	-20,-10,-30,	-20,-10,30

	-20,0,20,	-20,0,-20,	-30,0,20,	-30,0,-20,
	-30,-10,20,	-30,-10,-20,	-70,-40,0,	-70,-40,-10
	20,0,20,	20,0,-20,	30,0,20,	30,0,-20,
	30,-10,20,	30,-10,-20,	70,-40,0,	70,-40,-10

	 -16,-5,75,	-12,10,35,	-20,-10,35,	-18,-10,74
	-14,3,55,	-13,6,45,	-16,-4,53,	-16,-2,43
	-16,0,35	 16,-5,75,	12,10,35,	20,-10,35
	18,-10,74,	14,3,55,	13,6,45,	16,-4,53
	16,-2,43,	16,0,35

	0,10,20,	0,10,-20,	0,80,0,		0,80,-10
FACES:
	0,1,5,4,	1,	-1
	5,1,2,6,	2,	-1
	1,0,3,2,	3,	-1
	0,4,7,3,	4,	-1
	4,5,6,7,	5,	-1
	3,7,6,2,	6,	-1

	42,43,45,44,	7,	6

	8,9,11,10,	6,	7
	10,11,13,12,	3,	8
	12,13,15,14,	4,	9

	18,19,17,16,	3,	10
	20,21,19,18,	2,	11
	22,23,21,20,	$203,	12
					# dessus cockpit
	33,37,28,24,	4,	-1
	37,38,29,28,	7,	-1
	38,34,25,29,	4,	-1
	26,25,34,35,	$7,	-1
					# Cotes
	27,24,28,30,	3,	-1
	30,28,29,31,	7,	-1
	31,29,25,32,	3,	-1
	27,30,31,26,	3,	-1
	31,32,26,26,	3,	-1

	33,36,39,37,	3,	-1
	37,39,40,38,	7,	-1
	38,40,41,34,	3,	-1
	36,35,40,39,	3,	-1
	35,41,40,40,	3,	-1

	24,27,36,33,	1,	-1
	27,26,35,36,	1,	-1

NEW:
NAME:	"TEST_OBJ"
POINTS:
	0,0,0
	 40,0,0
	-40,0,0

SPHERES:
	0,30,	30

CIRCLES:
	1,	32766,0,0,	40,27
	2,	32766,0,0,	40,28

###############################
# This is the very big ship  #
###############################

NEW:
NAME:	"BIG SHIP"
POINTS:
	48,0,-60,	80,0,0,	110,0,-110, 110,0,-80,	110,0,-40
	50,0,50,	15,0,175

	-48,0,-60,	-80,0,0,-110,0,-110, -110,0,-80,-110,0,-40
	-50,0,50,	-15,0,175

	0,48,-60,	0,80,0,	0,110,-110, 0,110,-80,	0,110,-40
	0,50,50,	0,15,175

	0,-48,-60,	0,-80,0,0,-110,-110, 0,-110,-80,0,-110,-40
	0,-50,50,	0,-15,175

	0,0,0,	0,0,210

SPHERES:
	28,80,	2
	29,40,	1
LINES:
	2,4,14,		5,6,6
	9,11,14,	12,13,6
	16,18,14,	19,20,6
	23,25,14,	26,27,6
FACES:
	0,1,3,2,	$4,	0
	7,8,10,9,	5,	1
	14,15,17,16,	4,	2
	21,22,24,23,	5,	3

NEW:
NAME:	"TEST SPEED"
POINTS:
	-40,0,-40,	-40,0,40,	40,0,40,	40,0,-40

LINES:
	0,1,4,	1,2,4,	2,3,4,	3,0,4
FACES:
	0,1,2,3,	$0401,	0

NEW:
NAME:	"HOOVER CAR"
POINTS:
	30,20,-120,	20,40,-50,	30,20,0,	30,28,100
	30,10,120,	50,0,100,	35,0,-48,	30,24,-50
	50,10,-60,	47,0,-55,	40,10,-120,	40,0,-120
	30,0,-120

	-30,20,-120,	-20,40,-50,	-30,20,0,	-30,28,100
	-30,10,120,	-50,0,100,	-35,0,-48,	-30,24,-50
	-50,10,-60,	-47,0,-55,	-40,10,-120,	-40,0,-120
	-30,0,-120

	0,20,-120,	0,30,-100,	0,40,-120,	0,40,-140
	30,40,-150,	-30,40,-150

FACES:
	0,13,14,1,	10,	-1
	14,15,2,1,	$302,	-1
	15,16,3,2,	$405,	-1
	16,17,4,3,	$404,	-1

			# C'est le cote droit....

	4,5,3,3,	$606,	-1
	3,5,6,2,	$605,	-1
	2,6,7,7,	$607,	-1	# 7
	2,7,1,1,	$303,	-1
	6,9,8,7,	$605,	-1
	7,8,11,0,	$406,	-1
	1,7,0,0,	$607,	-1
	8,9,11,10,	$707,	-1
	
		# Cote gauche

	13,20,14,14,	$705,	-1	# 12
	20,15,14,14,	$101,	-1
	19,18,16,15,	$606,	-1
	18,17,16,16,	$505,	-1	# 15
	21,20,13,23,	$705,	-1
	19,15,20,20,	$605,	-1	
	22,19,20,21,	$600,	-1
	22,21,23,24,	$707,	-1

	0,10,11,12,	$a0a,	-1
	13,0,12,25,	$a0a,	-1
	13,25,24,23,	$a0a,	-1
					# 23
	4,17,18,5,	$f0f,	-1
	5,18,19,6,	$f0f,	-1
	6,19,25,12,	$f0f,	-1
	19,22,24,25,	$f0f,	-1
	9,6,12,10,	$f0f,	-1

	28,27,26,29,	16,	28
	28,30,29,31,	17,	29
DUPLICATE	"HOOVER CAR2"

NEW:
NAME:	"LITTLE SHIP"
POINTS:
	-7,10,0,	7,10,0,		-10,0,20,	10,0,20
	-10,0,-30,	10,0,-30,	-30,0,2,	30,0,2
	-10,-2,0,	10,-2,0
# Ceci est la definition des pointes
	10,0,60,	40,0,-50,	-10,0,60,	-40,0,-50
FACES:
	0,1,5,4,	$1,	-1
	2,3,1,0,	$2,	-1
	6,0,4,4,	$3,	-1
	6,2,0,0,	$4,	-1
	1,7,5,5,	$5,	-1
	3,7,1,1,	$6,	-1

	3,2,4,5,	$7,	-1
	2,6,4,4,	$8,	-1
	7,3,5,5,	$9,	-1
	10,7,3,3,	$a,	9
	7,11,5,5,	$b,	10
	12,2,6,6,	$c,	11
	6,4,13,13,	$d,	12
NEW:
NAME:	"BLADE RUNNER"
POINTS:
	12,20,-50,	20,30,0,	20,0,50
	30,0,0,		20,0,-50

	-12,20,-50,	-20,30,0,	-20,0,50
	-30,0,0,	-20,0,-50

#LINES:
#	1,2,4,	6,7,4,	8,7,4,	3,2,4,	2,7,4
FACES:
	0,5,6,1,	$b0b,	-1
	1,6,7,2,	$202,	-1
	3,1,2,2,	$202,	-1
	3,4,0,1,	$303,	-1
	4,9,5,0,	$404,	-1
	9,8,6,5,	$303,	-1
	8,7,6,6,	$101,	-1
	8,3,2,7,	$707,	-1
	9,4,3,8,	$707,	-1
NEW:
NAME:	"OCTAEDRE"
POINTS:
	40,20,-80,	80,20,-40,	80,20,40,	40,20,80
	-40,20,80,	-80,20,40,	-80,20,-40,	-40,20,-80

	40,0,-80,	80,0,-40,	80,0,40,	40,0,80
	-40,0,80,	-80,0,40,	-80,0,-40,	-40,0,-80
FACES:
	0,1,9,8,	$a,	0
	1,2,10,9,	$1,	1
	2,3,11,10,	$2,	2
	3,4,12,11,	$2,	3
	4,5,13,12,	$3,	4
	5,6,14,13,	$4,	5
	6,7,15,14,	$5,	6
	7,0,8,15,	$6,	7

NEW:
NAME:	"PALMIER"
POINTS:
	0,20,0,		0,60,0,	-15,85,0,	-25,105,0
	-50,110,0,	-60,120,-10,	-55,85,10,	-110,60,0
	-45,105,10,	-30,90,15,	-80,95,20,	-50,50,20
	-40,115,-10,	-35,90,-25,	-80,90,-30,	-50,70,-50
	-100,0,0
SPHERES:
	0,23,	18
	1,18,	19
	2,15,	20
	3,10,	21
CIRCLES:
	16,	0,32766,0,	60,3

FACES:
	4,6,7,5,	$4,	0
	8,9,11,10,	$402,	1
	12,13,15,14,	$401,	2
NEW:
NAME:	"T"
POINTS:

	-30,60,-10,	30,60,-10,	30,40,-10,	10,40,-10,	10,0,-10
	-10,0,-10,	-10,40,-10,	-30,40,-10

	-30,60,10,	30,60,10,	30,40,10,	10,40,10,	10,0,10
	-10,0,10,	-10,40,10,	-30,40,10

FACES:
	0,1,2,7,	$1,	-1
	3,4,5,6,	$1,	-1
	9,8,15,10,	$2,	-1
	11,14,13,12,	$2,	-1

	8,0,7,15,	$3,	-1
	14,6,5,13,	$3,	-1

	3,11,12,4,	$3,	-1
	1,9,10,2,	$3,	-1

	7,6,14,15,	$4,	-1
	3,2,10,11,	$4,	-1
	5,4,12,13,	$4,	-1

	8,9,1,0,	$5,	-1


NEW:
NAME:	"L"
POINTS:
	-10,60,-10,	10,60,-10,	10,20,-10,	40,20,-10
	40,0,-10,	-10,0,-10
	
	-10,60,10,	10,60,10,	10,20,10,	40,20,10
	40,0,10,	-10,0,10
	
FACES:
	0,1,2,5,	$2,	-1
	2,3,4,5,	$2,	-1
	7,6,11,8,	$2,	-1
	9,8,11,10,	$2,	-1
	6,0,5,11,	$3,	-1
	1,7,8,2,	$3,	-1
	3,9,10,4,	$3,	-1
	6,7,1,0,	$4,	-1
	8,9,3,2,	$4,	-1
	5,4,10,11,	$4,	-1

NEW:
NAME:	"CIRCLE"
POINTS:
	0,0,0
CIRCLES:
	0,	32766,0,0,	80,1

NEW:
NAME:	"BALLON"
POINTS:
	0,0,0,	10,0,0,	20,0,0,	-10,0,0,	-20,0,0
CIRCLES:
	0,	32766,0,0,	40,10
	1,	32766,0,0,	40,11
	2,	32766,0,0,	40,12
	3,	32766,0,0,	40,13
	4,	32766,0,0,	40,14

NEW:
NAME:	"BALLES"
POINTS:
	-50,0,0,	50,0,0
SPHERES:
	0,30,	3
	1,30,	4

NEW:
NAME:	"DIRIGABLE"
POINTS:
	-40,40,0,-40,20,40,-40,-20,40,
	-40,-40,0,-40,-20,-40,-40,20,-40
	40,40,0,40,20,40,40,-20,40,
	40,-40,0,40,-20,-40,40,20,-40
	-70,0,0,70,0,0

	10,-30,60,10,-40,70,10,-50,60,10,-40,50
	40,-30,60,40,-40,70,40,-50,60,40,-40,50
	
	10,-30,-60,10,-40,-70,10,-50,-60,10,-40,-50
	40,-30,-60,40,-40,-70,40,-50,-60,40,-40,-50
	
	45,-20,50,45,-20,70,45,-60,50,45,-60,70
	45,-20,-50,45,-20,-70,45,-60,-50,45,-60,-70

	20,-20,-40,20,-33,-57,20,-37,-54,20,-30,-20
	35,-20,-40,35,-33,-57,35,-37,-54,35,-30,-20
	20,-20,40,20,-33,57,20,-37,54,20,-30,20
	35,-20,40,35,-33,57,35,-37,54,35,-30,20

LINES:
	38,39,30,	40,41,30
	42,43,30,	44,45,30
	46,47,30,	48,49,30
	50,51,30,	52,53,30
FACES:
#0
	0,1,7,6,	15,	-1		# partie central A
	1,2,8,7,	20,	-1
	2,3,9,8,	15,	-1
#3
	0,12,1,1,	20,	-1	# partie gauche
	1,12,2,2,	15,	-1
	2,12,3,3,	20,	-1
	3,12,4,4,	15,	-1
	4,12,5,5,	20,	-1
	5,12,0,0,	15,	-1
#9
	14,15,19,18,	18,	-1	# moteur gauche A
	15,16,20,19,	17,	-1
	14,17,16,15,	16,	-1
#12
	23,22,26,27,	16,	-1	# moteur droit A
	24,23,27,28,	17,	-1
	22,23,24,25,	18,	-1
#15
	30,31,32,33,	15,	15	# pale gauche
	34,35,36,37,	15,	16	# pale droite
#17
	3,4,10,9,	 20-1	# partie centrale B
	4,5,11,10,15,-1
	5,0,6,11, 20,-1
#20
	11,13,10,10,20,-1	# partie droite
	10,13,9,9,  15,-1
	9,13,8,8,   20,-1
	8,13,7,7,   15,-1
	7,13,6,6,   20,-1
	6,13,11,11, 15,-1
#26
	16,17,21,20,18,-1	# moteur gauche B
	17,14,18,21,17,-1
	18,19,20,21,16,-1
#29
	25,24,28,29,18,-1	# moteur droit B
	22,25,29,26,17,-1
	29,28,27,26,16,-1
#32
	33,32,31,30,5,32	# pale gauche
	37,36,35,34,5,33	# pale droite

NEW:
NAME:	"HELICO"
POINTS:
	-100,-20,-40,	-40,-20,-35,	-25,10,0,	-20,30,-5
	-20,30,-20,	-20,5,30,	-25,-20,50,	-15,0,60
	-15,20,40,	-10,30,20,	-20,0,-50,	-20,5,-60, -20,10,-70

	100,-20,-40,	40,-20,-35,	25,10,0,	20,30,-5
	20,30,-20,	20,5,30,	25,-20,50,	15,0,60
	15,20,40,	10,30,20,	20,0,-50,	20,5,-60, 20,10,-70

	0,35,-60,	0,25,-40,	0,-20,80,	0,50,-10, 0,30,-48
	120,45,-120,	-120,45,-120,	0,45,180
	110,45,-130,	-110,45,-130,	10,45,170
LINES:
	0,1,4,	0,2,4,	0,4,4
	13,14,4,	13,15,4,	13,17,4

	11,12,13,	24,25,13,	26,30,13
	12,26,14,	25,26,14,	25,12,14
	3,29,5,		4,29,5,		16,29,5,	17,29,5
FACES:
# Face gacuhe
	3,4,1,2,	$1,	-1
	2,1,6,5,	$1,	-1
	8,5,6,7,	$1,	-1
# Face droite
	17,16,15,14,	$3,	-1
	15,18,19,14,	$3,	-1
	21,20,19,18,	$3,	-1
#devant	
	20,7,6,19,	$4,	-1
# dessus
	21,8,7,20,	$5,	-1
	17,4,3,16,	$405,	-1
#derriere
	4,17,14,1,	$6,	-1
# dessous
	19,6,1,14,	$7,	-1
# cockpit
	16,3,2,15,	$8,	-1
	15,2,5,18,	$9,	-1
	18,5,8,21,	$10,	-1

	31,34,29,29,	$16,	14
	32,35,29,29,	$16,	15
	33,36,29,29,	$16,	16

SPHERES:
	10,15,16
	23,15,17
	27,15,18
	28,20,19

CIRCLES:
	0,	32766,0,0,	20,27
	13,	32766,0,0,	20,28

NEW:
NAME:	"MISSILE"
POINTS:
	-10,0,0,	10,0,0,	0,7,0,	0,0,50
FACES:
	0,2,3,3,	1,	-1
	2,1,3,3,	2,	-1
	1,0,3,3,	3,	-1
	1,2,0,0,	4,	-1
	END
